13 18
14 7
15 0
16 5
17 0
19 8
21 21
22 9
25 4
26 10
28 10
29 3
31 12
31 13
31 15
31 16
31 -1
34 1
35 37
36 4
40 0
42 17
43 1
44 0
45 4
46 0
47 0
48 4
49 8
50 23
55 36
56 6
58 9
58 -1
58 11
60 6
69 33
74 0
76 12
77 8
82 7
83 12
90 14
91 8
92 0
97 20
99 14
99 -1
103 14
104 5
104 4
104 5
107 13
108 2
109 34
110 9
113 0
114 0
116 8
117 2
120 35
125 30
126 21
127 0
130 44
135 21
138 0
145 12
152 16
159 10
160 12
161 11
162 5
168 5
169 2
176 26
186 18
188 3
191 7
192 3
193 11
196 10
200 23
202 13
203 8
205 10
209 3
209 6
211 17
212 14
213 4
220 9
228 16
229 10
231 17
232 13
242 9
245 12
249 6
251 11
252 9
255 15
256 20
257 27
258 8
261 7
265 15
267 0
269 43
272 27
273 8
274 8
275 13
276 11
277 4
278 8
280 6
282 3
283 12
291 24
292 7
293 14
294 7
295 4
296 8
304 15
307 2
312 16
316 21
317 16
319 8
323 15
324 1
327 27
328 6
331 7
341 6
344 12
349 14
350 8
351 27
354 7
355 0
361 20
362 29
363 24
365 10
367 15
369 20
370 7
370 -1
370 7
371 21
375 22
376 5
377 33
379 26
382 22
384 14
386 2
394 15
396 6
405 0
406 11
409 14
424 9
424 -1
427 26
439 21
442 4
446 11
454 4
455 11
456 2
457 20
471 5
474 9
478 0
489 13
490 6
495 13
496 2
510 18
535 5
534 14
537 23
540 6
549 21
551 14
552 13
562 8
566 9
571 15
583 1
585 15
593 9
594 5
596 15
597 15
599 21
611 9
621 4
622 9
632 1
648 7
656 7
657 0
665 7
686 22
688 12
689 4
696 16
697 10
699 3
710 17
715 2
727 17
733 7
742 10
750 18
754 10
757 2
758 0
760 5
768 4
771 2
775 4
782 5
784 23
785 0
787 7
787 -1
792 57
814 8
818 13
828 23
829 4
830 4
833 20
834 21
872 3
881 8
882 9
883 19
885 2
889 13
900 3
901 16
907 3
916 13
923 9
926 12
928 13
929 5
946 9
949 7
954 7
957 7
962 7
969 10
973 12
976 14
980 3
1002 37
1004 7
1005 0
1014 6
1031 4
1035 4
1041 7
1042 7
1049 0
1052 0
1055 0
1054 2
1056 10
1059 0
1060 2
1061 18
1068 0
1072 4
1099 11
1101 14
1112 7
1125 14
1157 17
1161 18
1163 22
1164 0
1165 7
1171 0
1176 13
1181 21
1184 9
1190 1
1191 4
1192 15
1194 19
1199 18
1200 6
1205 9
1206 12
1209 16
1210 14
1215 8
1222 14
1223 0
1240 3
1241 9
1251 1
1252 6
1252 6
1276 9
1280 10
1289 5
1299 44
1301 9
1303 37
1307 0
1308 2
1312 7
1313 0
1320 0
1322 4
1328 17
1335 23
1338 15
1349 5
1352 14
1357 3
1359 0
1368 26
1393 10
1394 16
1394 -1
1394 23
1395 0
1401 7
1403 13
1406 17
1417 31
1424 6
1425 13
1428 18
1431 16
1438 15
1439 11
1442 10
1443 23
1444 27
1449 3
1453 17
1459 20
1469 11
1470 2
1475 17
1476 11
1477 0
1483 11
1494 4
1500 9
1503 10
1513 24
1514 8
1517 14
1520 10
1520 12
1520 10
1520 12
1520 -1
1527 3
1530 20
1534 8
1568 9
1574 3
1598 5
1603 10
1604 3
1612 12
1611 15
1613 38
1615 8
1617 8
1617 -1
1620 15
1622 1
1631 0
1632 1
1638 15
1646 17
1680 8
1683 7
1688 13
1699 2
1701 6
1714 6
1713 16
1717 20
1724 16
1727 19
1726 5
1748 4
1749 4
1750 30
1753 1
1759 11
1760 4
1761 1
1775 16
1777 28
1789 15
1802 0
1804 0
1805 1
1806 7
1813 23
1820 6
1823 6
1826 8
1828 3
1829 4
1830 16
1843 16
1876 2
1880 0
1884 7
1903 9
1904 11
1906 2
1913 22
1918 4
1919 9
1921 16
1932 9
1943 2
1944 0
1949 8
1948 7
1951 8
1954 13
1955 3
1961 33
1970 2
1974 23
1984 3
1988 1
1990 19
1990 -1
1990 4
1995 4
2007 19
2008 2
2020 7
2023 12
2034 10
2049 3
2053 10
2054 17
2060 26
2063 0
2067 7
2077 9
2094 19
2099 0
2100 29
2101 18
2106 2
2113 14
2114 9
2115 0
2124 12
2131 7
2128 5
2129 0
2127 23
2130 0
2132 0
2137 5
2138 2
2141 0
2145 11
2146 29
2154 18
2155 6
2157 17
2158 18
2161 10
2163 9
2164 12
2165 5
2169 11
2170 13
2172 11
2176 11
2177 8
2181 9
2184 16
2185 6
2192 3
2184 13
2195 0
2198 15
2198 14
2203 0
2202 10
2204 0
2209 4
2211 2
2214 21
2218 4
2229 7
2231 12
2233 22
2240 20
2245 3
2247 5
2248 3
2248 -1
2248 0
2252 23
2253 19
2254 1
2255 5
2258 17
2260 3
2265 1
2269 16
2273 3
2299 5
2304 18
2307 19
2309 7
2310 5
2311 16
2312 10
2313 10
2319 4
2320 10
2322 6
2334 6
2335 5
2336 5
2339 19
2340 10
2347 9
2360 12
2361 0
2363 21
2372 4
2373 16
2377 5
2382 0
2384 9
2385 0
2387 13
2391 13
2402 0
2406 20
2409 7
2410 0
2411 4
2423 12
2440 1
2443 0
2445 23
2446 9
2448 9
2456 28
2459 6
2461 12
2461 10
2461 12
2469 9
2468 11
2471 9
2475 15
2476 1
2479 2
2480 15
2485 19
2488 10
2491 12
2496 11
2498 3
2506 4
2509 20
2513 6
2516 4
2517 2
2517 5
2528 4
2531 2
2539 9
2540 1
2545 7
2547 15
2549 11
2570 16
2576 1
2574 7
2572 0
2579 17
2584 8
2591 15
2592 6
2614 35
2615 29
2615 1
2622 9
2628 27
2629 4
2632 110
2633 50
2634 1
2635 8
2637 11
2641 5
2645 18
2646 5
2650 33
2653 41
2654 37
2657 11
2661 7
2662 13
2671 4
2673 18
2688 1
2689 14
2705 7
2715 34
2716 5
2716 -1
2723 28
2727 22
2748 3
2760 0
2773 9
2776 0
2782 15
2785 16
2802 5
2805 0
2808 34
2808 -1
2808 34
2808 -1
2809 17
2821 3
2829 28
2830 28
2854 11
2876 0
2876 -1
2877 7
2884 7
2885 2
2886 8
2887 7
2888 0
2890 9
2891 0
2900 11
2910 28
2914 22
2916 21
2917 12
2920 26
2921 20
2929 0
2933 0
2935 21
2936 6
2941 5
2947 26
2955 15
2963 12
2966 10
2977 10
2982 7
2989 10
2996 23
2997 10
2997 0
3000 6
3001 18
3006 10
3008 4
3009 0
3012 10
3014 6
3020 8
3022 15
3029 9
3037 16
3043 19
3048 11
3049 3
3052 13
3053 0
3057 4
3059 27
3060 3
3063 6
3065 4
3071 10
3074 3
3083 7
3085 4
3089 9
3090 5
3099 13
3106 8
3108 2
3113 2
3114 6
3115 11
3117 8
3118 1
3120 1
3120 -1
3132 0
3134 21
3136 24
3135 9
3138 18
3141 12
3153 3
3156 6
3160 0
3163 10
3166 5
3167 3
3174 13
3175 7
3177 8
3179 17
3182 9
3182 11
3182 9
3183 7
3185 17
3186 13
3188 15
3197 13
3219 21
3226 4
3227 5
3230 19
3257 18
3261 3
3264 9
3265 9
3272 10
3274 4
3276 21
3277 10
3286 11
3287 0
3291 0
3296 4
3300 15
3303 3
3306 3
3307 0
3313 15
3314 3
3317 19
3327 11
3329 4
3336 6
3339 17
3342 1
3344 0
3350 6
3355 10
3357 11
3365 4
3366 2
3370 13
3372 10
3375 4
3376 4
3398 7
3399 35
3404 10
3416 20
3418 3
3422 8
3423 3
3425 23
3433 14
3432 0
3436 14
3437 19
3438 9
3452 14
3454 0
3485 0
3486 3
3489 0
3492 0
3523 7
3524 7
3525 7
3526 8
3527 9
3539 15
3541 19
3548 8
3555 12
3556 4
3565 3
3572 14
3580 11
3585 4
3604 0
3606 15
3614 10
3615 6
3622 17
3623 4
3623 -1
3629 15
3634 19
3637 1
3638 0
3639 13
3648 14
3649 6
3653 28
3660 8
3662 4
3668 7
3670 6
3671 11
3679 38
3680 12
3683 12
3695 16
3696 14
3698 7
3703 3
3705 18
3710 28
3711 19
3715 13
3733 6
3735 8
3737 18
3738 23
3740 9
3744 21
3747 14
3749 19
3755 10
3792 9
3795 16
3798 16
3802 6
3809 23
3819 6
3823 15
3832 7
3834 13
3835 7
3840 19
3843 10
3842 1
3857 3
3858 3
3864 6
3880 3
3885 9
3886 13
3891 5
3904 11
3906 7
3910 4
3916 7
3916 8
3919 3
3923 10
3925 14
3926 6
3937 9
3937 -1
3937 9
3946 7
3947 11
3953 4
3954 6
3961 1
3963 3
3968 24
3974 15
3976 14
3996 11
3997 6
4009 23
4013 19
4014 36
4015 27
4016 6
4026 2
4028 0
4029 12
4032 17
4034 18
4035 15
4046 38
4047 28
4051 0
4053 0
4067 41
4076 3
4083 6
4084 0
4091 9
4091 7
4092 1
4092 3
4097 11
4116 6
4121 1
4124 1
4125 21
4126 11
4127 9
4131 17
4133 12
4136 18
4138 13
4142 21
4143 13
4145 26
4146 19
4147 30
4149 84
4158 14
4176 0
4178 43
4188 0
4195 4
4200 15
4201 1
4206 12
4208 8
4217 22
4223 20
4226 10
4227 8
4229 29
4231 19
4258 35
4261 7
4272 5
4274 10
4275 4
4290 0
4291 19
4293 11
4303 0
4304 39
4309 3
4313 19
4315 8
4319 12
4322 9
4322 -1
4322 0
4327 0
4331 6
4336 15
4338 7
4347 12
4348 3
4354 31
4360 2
4363 4
4364 8
4365 0
4371 0
4377 12
4379 15
4396 13
4397 1
4403 28
4404 6
4407 8
4408 14
4409 7
4410 0
4412 19
4413 16
4417 23
4418 11
4420 0
4424 9
4430 21
4431 15
4431 -1
4431 16
4431 -1
4433 11
4437 14
4441 33
4450 2
4451 10
4451 -1
4451 10
4455 17
4457 5
4464 5
4470 15
4473 24
4475 8
4488 11
4489 13
4495 15
4495 13
4499 0
4513 7
4514 0
4521 19
4523 0
4524 20
4527 0
4529 3
4538 28
4539 4
4540 2
4547 9
4548 12
4549 35
4560 8
4572 8
4576 3
4577 3
4580 0
4581 9
4581 19
4582 10
4593 17
4594 3
4611 7
4610 0
4612 0
4626 2
4627 14
4645 0
4664 34
4676 27
4677 1
4688 0
4689 5
4695 0
4696 8
4698 11
4699 0
4701 0
4704 4
4706 8
4709 17
4712 0
4725 8
4727 2
4730 6
4732 40
4739 15
4739 14
4740 13
4752 2
4757 38
4764 14
4766 17
4767 2
4770 18
4772 4
4780 20
4786 17
4796 5
4808 17
4812 13
4817 9
4829 22
4849 11
4864 5
4872 6
4872 8
4879 10
4893 7
4894 10
4898 0
4900 15
4910 15
4918 17
4931 8
4936 9
4952 3
4955 11
4972 22
4976 19
4987 3
4994 10
5008 39
5008 36
5009 1
5010 25
5011 16
5012 1
5014 7
5015 0
5016 8
5018 27
5021 0
5023 20
5026 36
5028 24
5040 1
5047 13
5056 10
5057 13
5062 0
5067 4
5068 28
5070 18
5071 27
5074 23
5076 50
5079 6
5080 4
5081 22
5083 4
5083 5
5087 5
5092 11
5092 -1
5092 9
5097 14
5098 4
5099 27
5102 6
5112 15
5117 10
5139 18
5139 -1
5142 11
5148 13
5170 23
5172 24
5172 -1
5172 28
5175 14
5177 24
5180 5
5181 9
5182 9
5183 1
5185 17
5188 10
5191 7
5196 5
5198 4
5206 9
5206 -1
5207 22
5208 10
5225 3
5226 12
5227 4
5228 2
5234 30
5241 29
5243 6
5255 6
5260 1
5262 6
5263 0
5268 7
5280 17
5292 6
5293 22
5302 14
5301 5
5312 12
5319 13
5320 0
5321 14
5322 1
5323 2
5332 2
5335 0
5342 8
5344 0
5349 11
5350 0
5360 1
5371 15
5372 19
5373 15
5374 21
5375 3
5377 3
5382 4
5387 2
5389 5
5393 7
5401 10
5413 13
5417 0
5424 14
5437 12
5446 17
5449 13
5451 10
5451 -1
5453 9
5461 9
5464 7
5480 11
5480 -1
5480 5
5490 6
5491 12
5493 5
5495 4
5499 6
5502 14
5503 16
5529 7
5533 7
5542 1
5541 11
5543 5
5544 1
5559 14
5570 20
5588 3
5590 18
5591 0
5593 11
5597 21
5604 23
5606 5
5611 5
5614 0
5616 23
5617 8
5623 0
5639 0
5642 15
5648 1
5649 14
5651 16
5652 12
5657 1
5658 11
5661 12
5664 18
5671 8
5672 14
5678 7
5680 0
5684 13
5685 9
5686 1
5693 1
5699 0
5700 0
5705 0
5706 0
5715 18
5716 3
5723 1
5725 28
5728 2
5731 4
5734 1
5735 12
5738 10
5739 6
5741 16
5747 9
5749 2
5754 13
5756 10
5757 0
5772 12
5776 0
5778 1
5781 13
5782 0
5787 18
5787 16
5788 15
5798 5
5798 -1
5814 14
5821 12
5821 17
5824 17
5842 7
5846 19
5847 19
5857 10
5858 3
5860 5
5866 5
5871 18
5874 1
5886 4
5888 10
5891 25
5892 2
5893 0
5920 29
5947 2
5959 5
5968 33
5971 6
5972 0
5978 5
5986 21
5987 19
5988 17
5989 6
6009 10
6015 9
6018 10
6022 1
6023 9
6024 11
6027 1
6031 10
6046 16
6051 18
6054 32
6082 9
6082 7
6087 31
6088 42
6099 20
6107 14
6108 0
6115 8
6115 -1
6115 16
6117 20
6118 2
6120 12
6126 19
6128 0
6129 0
6129 -1
6129 10
6131 10
6134 21
6140 5
6143 6
6147 28
6148 3
6152 23
6155 9
6156 28
6157 0
6162 11
6161 12
6168 10
6169 17
6173 21
6175 15
6176 9
6177 0
6188 16
6192 15
6195 16
6197 0
6201 10
6207 11
6208 7
6210 15
6211 8
6212 12
6221 13
6222 9
6222 -1
6222 14
6225 14
6226 14
6236 36
6246 59
6247 22
6249 12
6251 21
6252 6
6257 7
6268 18
6269 10
6269 -1
6269 1
6274 2
6284 2
6288 2
6298 13
6302 19
6306 0
6306 -1
6318 21
6333 18
6346 10
6348 17
6359 3
6358 11
6366 13
6370 7
6372 27
6376 7
6380 4
6387 0
6391 9
6392 23
6402 1
6408 2
6416 2
6426 12
6427 4
6435 22
6438 4
6444 15
6445 6
6449 1
6462 19
6464 26
6468 21
6470 41
6474 31
6482 6
6504 18
6521 25
6525 12
6528 7
6533 8
6539 17
6544 1
6545 13
6548 25
6549 0
6550 0
6551 5
6552 2
6558 10
6576 18
6586 6
6608 12
6613 21
6614 9
6626 10
6631 24
6632 0
6636 7
6637 0
6639 2
6639 -1
6639 7
6652 8
6660 43
6661 22
6665 14
6674 8
6682 8
6683 4
6688 20
6693 29
6694 6
6696 17
6699 20
6706 13
6710 8
6711 22
6711 -1
6713 5
6714 3
6721 25
6722 0
6723 18
6743 18
6750 15
6752 10
6754 19
6757 7
6761 8
6765 15
6770 0
6775 38
6777 2
6781 8
6782 32
6783 25
6788 29
6790 12
6791 1
6795 17
6796 0
6796 -1
6801 16
6806 18
6808 23
6810 22
6812 18
6824 22
6826 7
6834 4
6835 24
6838 13
6843 8
6844 25
6846 1
6847 15
6863 9
6865 2
6876 6
6878 3
6880 21
6881 0
6887 12
6889 14
6899 10
6901 17
6902 13
6903 25
6917 5
6920 3
6929 6
6930 2
6931 0
6933 9
6945 8
6946 5
7006 20
7008 8
7018 19
7019 16
7023 8
7024 5
7028 18
7029 14
7030 7
7032 1
7039 1
7042 7
7043 10
7045 7
7053 11
7056 4
7060 22
7068 13
7069 16
7079 5
7079 -1
7086 15
7090 5
7091 6
7093 0
7099 10
7100 3
7109 21
7110 1
7115 29
7115 10
7131 17
7132 8
7137 0
7146 11
7152 10
7155 18
7160 12
7168 5
7169 12
7171 0
7172 10
7173 0
7178 10
7183 10
7208 12
7220 14
7221 15
7228 2
7229 0
7239 5
7246 6
7258 27
7261 23
7263 14
7268 14
7271 13
7274 0
7277 12
7279 12
7280 3
7285 5
7306 74
7307 63
7307 -1
7307 62
7306 73
7307 112
7308 16
7309 31
7310 19
7310 57
7322 12
7330 24
7336 13
7342 9
7343 14
7344 5
7359 5
7361 0
7363 11
7367 26
7368 0
7370 13
7372 32
7374 37
7378 30
7380 17
7381 7
7383 15
7384 0
7385 24
7392 30
7393 26
7395 12
7399 22
7402 17
7404 8
7405 0
7409 12
7413 23
7415 21
7423 5
7428 1
7432 13
7436 15
7443 4
7456 12
7457 0
7459 3
7461 3
7462 16
7462 -1
7462 18
7463 19
7464 11
7466 0
7472 32
7475 17
7476 3
7478 9
7478 -1
7478 15
7480 13
7481 0
7482 0
7489 2
7491 10
7492 4
7499 4
7508 23
7509 12
7516 0
7521 14
7522 18
7532 10
7544 10
7546 18
7557 13
7560 10
7562 6
7564 3
7568 0
7572 1
7573 2
7575 16
7580 4
7594 16
7595 5
7598 19
7608 5
7609 7
7610 1
7614 8
7615 5
7615 -1
7616 6
7617 20
7618 19
7620 16
7624 10
7627 12
7628 8
7629 13
7630 1
7636 4
7638 26
7642 6
7654 14
7660 18
7666 10
7670 22
7672 6
7711 6
7718 25
7720 5
7725 12
7731 15
7733 12
7740 24
7741 15
7759 11
7777 5
7800 10
7804 0
7826 14
7834 38
7835 25
7846 12
7847 12
7848 5
7849 20
7856 0
7862 7
7871 0
7875 22
7877 2
7879 4
7880 20
7804 0
7814 39
7816 25
7817 6
7819 7
7826 14
7832 7
7833 4
7832 6
7833 5
7834 35
7835 25
7837 39
7837 38
7838 21
7845 6
7846 5
7847 12
7848 5
7849 20
7854 6
7856 0
7862 7
7871 0
7873 13
7875 22
7879 10
7879 4
7880 12
7880 20
7880 12
7884 1
7889 11
7917 4
7919 7
7928 25
7932 6
7936 14
7938 16
7940 25
7940 -1
7940 29
7945 4
7946 1
7950 6
7955 11
7956 7
7957 0
7980 0
7982 7
7992 11
7994 3
7997 5
8008 14
8021 0
8023 21
8033 7
8034 4
8040 25
8063 9
8064 1
8066 20
8067 8
8075 0
8079 10
8082 3
8090 12
8091 12
8093 0
8094 14
8096 2
8110 17
8115 13
8118 1
8119 17
8124 22
8126 28
8127 15
8129 9
8134 0
8139 12
8141 8
8141 7
8143 5
8146 20
8160 14
8168 11
8173 2
8175 9
8179 1
8182 12
8190 12
8192 16
8193 7
8198 26
8204 26
8205 14
8208 40
8209 18
8210 14
8211 4
8217 21
8215 18
8228 18
8236 24
8238 0
8251 18
8263 12
8271 0
8278 2
8285 18
8300 9
8304 8
8305 3
8305 13
8321 14
8333 13
8336 10
8338 20
8342 5
8344 17
8345 10
8352 0
8354 30
8355 9
8356 18
8360 22
8374 15
8376 6
8378 15
8405 6
8412 12
8416 0
8423 6
8431 10
8432 7
8447 11
8451 16
8452 0
8453 10
8454 21
8455 38
8458 0
8460 19
8462 17
8469 3
8470 0
8476 0
8485 11
8486 5
8487 13
8494 0
8497 10
8498 0
8500 2
8503 11
8506 12
8511 11
8513 6
8518 4
8527 9
8531 13
8539 7
8540 20
8546 12
8551 8
8560 11
8563 15
8565 0
8567 11
8568 2
8581 7
8584 0
8599 1
8601 13
8603 6
8639 2
8642 22
8642 -1
8642 24
8643 17
8644 10
8644 -1
8644 6
8645 24
8650 6
8654 17
8655 10
8658 15
8661 0
8664 8
8668 0
8675 20
8676 11
8680 9
8684 9
8688 7
8694 9
8696 9
8711 25
8712 21
8712 -1
8712 11
8713 5
8723 26
8724 16
8727 19
8736 5
8750 19
8752 4
8754 3
8756 20
8757 0
8759 9
8760 1
8763 18
8764 0
8765 7
8766 0
8767 6
8768 15
8773 11
8777 26
8783 6
8794 11
8794 -1
8813 17
8815 20
8826 22
8827 1
8835 15
8836 2
8843 12
8853 3
8867 3
8868 0
8872 20
8875 12
8878 0
8882 20
8888 15
8889 6
8894 12
8897 16
8903 24
8911 0
8921 0
8928 2
8928 -1
8929 15
8936 15
8937 2
8939 6
8945 5
8945 -1
8945 8
8946 11
8960 3
8961 7
8965 22
8966 27
8969 10
8970 4
8971 0
8972 15
8983 7
8986 6
8997 0
9002 20
9002 -1
9002 18
9003 20
9009 0
9012 4
9013 6
9019 5
9020 0
9020 0
9028 10
9037 4
9070 20
9073 13
9083 17
9087 17
9092 14
9095 5
9102 11
9111 6
9113 8
9116 10
9123 0
9125 22
9127 3
9129 0
9131 16
9132 9
9138 13
9139 17
9140 0
9144 3
9145 1
9152 17
9153 23
9154 0
9155 11
9159 6
9160 9
9161 31
9163 7
9165 51
9170 11
9179 8
9185 7
9185 4
9198 0
9203 8
9204 0
9215 8
9216 18
9218 8
9219 2
9228 13
9229 29
9232 4
9233 0
9234 0
9236 2
9237 22
9245 4
9249 15
9250 23
9251 0
9259 13
9260 16
9261 0
9263 16
9267 15
9270 9
9272 10
9273 2
9275 12
9278 26
9279 10
9287 5
9295 8
9296 3
9295 2
9297 21
9301 10
9318 8
9319 20
9321 1
9322 4
9324 9
9329 10
9347 6
9351 3
9354 5
9364 11
9370 4
9376 24
9380 56
9387 18
9388 11
9394 3
9396 21
9408 14
9409 3
9415 10
9422 18
9427 12
9430 1
9430 -1
9430 18
9432 2
9448 12
9454 3
9465 4
9465 -1
9468 6
9476 2
9479 2
9481 10
9484 56
9486 18
9487 15
9489 7
9496 1
9506 16
9507 0
9513 0
9538 6
9543 1
9544 4
9545 7
9546 6
9548 7
9550 8
9551 10
9552 16
9557 20
9561 10
9567 11
9568 7
9569 2
9572 10
9572 14
9574 4
9582 21
9584 4
9585 3
9587 18
9589 16
9599 0
9600 22
9603 0
9605 1
9606 25
9615 24
9616 17
9617 24
9618 34
9619 0
9622 2
9624 11
9632 15
9633 8
9635 11
9636 10
9648 1
9668 18
9669 13
9670 0
9699 2
9701 9
9723 14
9730 3
9735 3
9739 19
9740 16
9751 13
9749 11
9752 7
9753 3
9757 0
9765 2
9767 14
9772 1
9773 18
9773 13
9774 12
9777 11
9779 7
9786 5
9787 0
9788 4
9789 17
9790 2
9792 0
9794 7
9797 20
9799 21
9800 9
9802 7
9803 7
9807 0
9814 22
9818 8
9826 10
9827 3
9828 5
9842 7
9849 0
9852 1
9855 6
9856 5
9859 18
9864 5
9867 1
9871 12
9873 4
9874 0
9876 0
9883 12
9888 11
9896 5
9903 13
9904 3
9906 2
9907 0
9908 3
9909 28
9914 15
9915 0
9917 17
9918 6
9939 1
9946 13
9947 23
9957 9
9965 10
9985 37
9988 21
9993 18
9995 3
9997 16
9998 8
10003 7
10004 23
10009 26
10012 9
10012 -1
10012 14
10013 13
10015 0
10018 2
10019 9
10025 14
10033 6
10034 8
10047 0
10051 6
10053 13
10060 7
10061 13
10066 4
10071 10
10109 0
10130 7
10138 5
10154 1
10155 52
10157 7
10159 7
10160 7
10158 17
10167 11
10179 13
10183 14
10184 5
10190 10
10190 -1
10195 15
10199 6
10200 22
10205 7
10207 38
10230 10
10248 9
10249 15
10250 9
10251 31
10252 13
10252 10
10252 13
10254 21
10255 5
10264 35
10267 34
10270 27
10275 0
10277 0
10278 0
10281 3
10287 14
10290 18
10295 9
10297 8
10303 19
10307 8
10317 12
10318 19
10319 14
10323 0
10326 13
10343 13
10348 8
10364 30
10374 20
10378 7
10379 3
10389 6
10392 10
10394 6
10399 12
10402 6
10410 6
10424 5
10424 -1
10426 14
10428 0
10434 10
10434 11
10434 12
10435 2
10436 34
10437 14
10440 2
10442 3
10472 7
10476 11
10483 17
10482 32
10492 7
10492 8
10494 11
10495 21
10496 11
10509 8
10518 0
10531 20
10536 26
10539 0
10542 0
10543 24
10544 11
10545 0
10546 31
10547 7
10549 38
10550 16
10551 4
10555 0
10557 16
10559 0
10564 7
10567 4
10568 22
10570 10
10572 7
10575 11
10576 10
10577 0
10581 17
10585 5
10592 12
10598 10
10618 6
10621 18
10622 1
10639 7
10640 4
10641 12
10642 3
10643 11
10643 -1
10645 20
10647 20
10649 12
10650 7
10655 24
10656 21
10658 20
10660 13
10661 6
10670 0
10672 33
10675 14
10676 25
10682 0
10684 21
10690 1
10696 50
10696 48
10698 21
10699 14
10700 9
10702 19
10706 9
10707 38
10712 0
10718 12
10721 0
10727 21
10738 4
10741 17
10742 6
10747 6
10757 2
10761 22
10765 7
10776 8
10780 8
10781 11
10782 1
10789 17
10793 0
10794 11
10795 20
10798 34
10808 27
10811 6
10814 14
10815 0
10822 12
10825 3
10837 6
10839 6
10840 0
10844 32
10851 8
10851 1
10853 0
10856 11
10857 10
10859 3
10862 12
10864 12
10868 11
10869 7
10882 0
10889 17
10894 39
10908 21
10914 8
10921 0
10925 8
10927 5
10932 9
10940 10
10941 17
10943 1
10951 0
10945 11
10954 10
10957 2
10959 6
10960 1
10964 11
10973 3
10977 6
10986 5
10988 7
10994 15
10995 4
11004 11
11021 13
11030 4
11049 15
11057 20
11058 1
11064 13
11080 21
11086 19
11103 7
11104 20
11110 5
11113 10
11117 1
11123 27
11125 16
11129 10
11151 18
11150 16
11154 13
11159 13
11163 19
11167 35
11169 9
11177 5
11178 22
11182 12
11183 12
11187 3
11190 16
11203 13
11208 6
11216 0
11220 42
11221 29
11221 21
11221 24
11226 0
11228 10
11240 23
11244 27
11246 8
11247 9
11248 1
11251 12
11252 2
11258 5
11260 10
11269 16
11272 11
11273 4
11275 22
11277 17
11283 11
11285 3
11289 13
11291 10
11295 18
11296 14
11297 18
11300 22
11301 9
11305 16
11308 1
11310 5
11313 1
11314 9
11317 0
11325 1
11331 13
11335 5
11337 2
11345 25
11349 4
11350 12
11352 1
11355 17
11361 17
11362 10
11362 20
11364 14
11366 20
11367 6
11368 24
11370 33
11386 13
11391 0
11391 -1
11391 14
11394 28
11395 11
11402 13
11410 20
11409 1
11411 12
11421 34
11422 6
11429 44
11430 22
11431 10
11436 20
11445 55
11446 25
11450 16
11452 20
11455 7
11458 1
11467 4
11468 6
11471 14
11484 8
11487 21
11489 0
11491 47
11497 8
11498 0
11498 15
11501 14
11508 0
11508 3
11515 2
11517 9
11518 2
11519 10
11524 25
11526 14
11527 8
11540 0
11542 22
11545 15
11546 22
11549 28
11552 21
11557 32
11564 16
11566 5
11567 12
11571 41
11572 3
11575 11
11577 22
11582 3
11583 0
11586 39
11592 5
11604 29
11605 20
11606 8
11610 3
11612 12
11621 6
11626 7
11627 0
11634 4
11642 12
11652 0
11656 3
11667 14
11668 0
11671 15
11672 13
11674 0
11676 5
11678 18
11680 0
11682 4
11683 16
11689 0
11692 6
11695 4
11707 16
11708 1
11715 8
11716 4
11717 11
11718 6
11720 13
11731 1
11734 13
11738 2
11742 8
11746 0
11746 -1
11749 18
11756 1
11761 9
11779 6
11780 2
11783 8
11782 8
11802 10
11812 11
11817 16
11818 0
11822 19
11823 13
11824 3
11827 11
11829 20
11835 16
11840 11
11841 13
11855 9
11856 4
11869 14
11872 11
11874 20
11881 0
11885 15
11886 13
11891 3
11892 6
11895 3
11897 7
11898 0
11904 15
11905 14
11906 19
11911 0
11922 1
11923 10
11924 1
11925 14
11926 6
11927 0
11928 18
11929 10
11930 8
11936 12
11937 10
11938 20
11939 0
11952 2
11959 11
11963 9
11966 16
11968 0
11971 8
11984 12
11985 4
11991 2
11997 12
11998 20
11999 8
12000 0
12002 13
12003 2
12024 0
12040 1
12049 15
12050 34
12051 18
12054 37
12056 15
12058 10
12060 13
12064 5
12064 -1
12066 27
12068 18
12071 11
12072 0
12073 8
12077 0
12086 5
12087 2
12097 17
12103 0
12105 9
12111 14
12112 11
12126 11
12128 25
12148 16
12169 36
12174 36
12175 0
12176 24
12179 0
12182 21
12187 13
12194 8
12197 0
12200 13
12207 6
12211 6
12214 18
12221 3
12226 12
12228 4
12238 21
12244 6
12249 0
12251 7
12252 0
12253 24
12254 12
12255 2
12260 18
12266 8
12267 0
12272 15
12278 35
12283 22
12286 8
12287 10
12289 0
12296 2
12297 8
12298 8
12301 0
12307 18
12308 5
12309 2
12310 8
12314 6
12316 20
12317 23
12318 7
12319 30
12320 18
12323 2
12324 11
12325 0
12332 13
12335 15
12338 18
12341 7
12373 0
12376 18
12380 0
12382 18
12387 2
12388 22
12394 22
12395 13
12399 8
12401 27
12407 29
12411 18
12413 16
12414 13
12415 40
12416 12
12416 10
12417 3
12422 19
12425 9
12428 1
12432 17
12434 12
12435 0
12438 8
12445 6
12449 11
12466 18
12467 20
12484 2
12488 2
12497 3
12505 0
12508 9
12514 18
12548 3
12553 17
12569 21
12571 1
12573 0
12574 4
12583 19
12584 29
12592 15
12593 25
12595 23
12599 5
12600 17
12601 6
12602 12
12605 24
12606 18
12607 11
12608 16
12609 11
12610 12
12617 5
12620 3
12627 7
12629 16
12630 11
12633 16
12635 1
12635 -1
12637 25
12644 0
12654 0
12656 11
12657 11
12659 3
12665 2
12666 2
12667 18
12669 0
12670 8
12672 25
12673 9
12674 1
12675 23
12679 0
12695 10
12699 18
12699 -1
12699 18
12711 19
12713 10
12714 29
12717 12
12719 18
12720 4
12721 10
12740 15
12742 17
12748 10
12752 6
12759 14
12781 1
12782 11
12788 2
12795 2
12797 15
12801 5
12802 3
12803 12
12804 20
12806 19
12807 14
12807 25
12808 0
12809 12
12810 22
12811 9
12812 2
12828 6
12830 4
12852 13
12857 5
12861 34
12872 16
12875 21
12876 21
12881 39
12882 11
12924 28
12922 27
12923 42
12926 14
12931 12
12931 -1
12931 12
12932 10
12935 3
12937 17
12940 26
12942 22
12945 3
12946 22
12947 14
12948 13
12950 26
12960 37
12961 35
12961 -1
12966 12
12978 0
12979 0
12983 27
12984 11
12985 4
12995 17
12998 15
12998 -1
12998 17
13001 13
13006 13
13006 -1
13020 24
13032 9
13034 14
13049 29
13066 33
13069 12
13072 7
13073 4
13077 21
13081 27
13082 16
13082 6
13088 8
13092 1
13096 6
13097 15
13113 30
13114 8
13117 19
13119 6
13120 0
13122 1
13127 6
13128 1
13129 6
13130 0
13133 8
13138 9
13153 14
13158 0
13164 4
13166 19
13175 13
13181 17
13193 25
13199 14
13200 7
13203 1
13207 8
13210 16
13211 15
13212 0
13228 0
13229 9
13230 0
13236 0
13240 15
13242 0
13264 0
13280 19
13293 11
13320 12
13371 17
13375 4
13377 6
13384 9
13385 2
13407 7
13425 7
13426 0
13451 8
13453 14
13454 6
13462 13
13463 7
13472 18
13481 9
13480 13
13484 5
13486 0
13487 14
13489 13
13490 7
13499 6
13500 0
13502 26
13503 23
13522 6
13523 24
13525 11
13528 16
13533 18
13535 13
13537 6
13557 6
13565 20
13589 18
13602 0
13603 22
13609 13
13614 2
13616 24
13620 26
13620 27
13622 24
13648 28
13649 0
13653 25
13654 6
13660 9
13663 6
13677 5
13679 8
13685 2
13688 3
13690 16
13695 24
13709 7
13732 17
13733 17
13733 -1
13733 13
13739 9
13747 14
13748 5
13749 8
13752 10
13753 3
13759 26
13762 11
13764 11
13766 15
13772 3
13774 17
13781 0
13782 21
13783 15
13783 27
13784 0
13785 21
13789 2
13795 23
13795 -1
13799 12
13800 0
13804 21
13808 7
13809 29
13810 14
13811 8
13822 27
13823 9
13824 25
13832 11
13845 0
13852 0
13853 23
13878 23
13880 18
13882 10
13910 12
13911 0
13913 3
13915 15
13916 9
13917 2
13918 0
13921 6
13928 2
13929 3
13945 18
13946 11
13982 7
14000 17
14000 -1
14007 0
14009 8
14010 19
14011 3
14012 3
14014 1
14018 14
14032 16
14034 5
14035 0
14040 8
14044 3
14054 17
14055 21
14062 8
14063 4
14080 20
14081 0
14088 10
14090 9
14091 13
14098 6
14099 8
14101 23
14104 10
14106 7
14108 27
14110 20
14112 9
14119 22
14125 3
14124 5
14128 10
14135 1
14147 20
14155 25
14158 5
14163 8
14166 10
14173 15
14174 13
14174 12
14177 20
14178 3
14181 7
14196 25
14197 0
14200 2
14222 16
14235 29
14250 6
14256 4
14260 6
14268 9
14273 14
14274 5
14275 11
14296 1
14323 30
14331 18
14340 22
14353 10
14354 9
14374 0
14375 11
14384 0
14389 0
14390 17
14393 6
14398 8
14414 3
14413 7
14416 14
14419 9
14435 13
14436 3
14441 15
14451 44
14447 3
14449 15
14450 17
14456 6
14459 20
14460 8
14465 11
14471 10
14472 5
14474 0
14476 43
14477 13
14484 21
14491 13
14493 2
14496 10
14501 15
14519 4
14527 8
14528 5
14529 3
14530 16
14532 3
14534 13
14540 3
14544 15
14553 3
14557 21
14561 36
14577 31
14578 43
14579 22
14580 7
14585 30
14586 8
14585 16
14593 12
14593 15
14598 1
14599 8
14602 5
14603 1
14604 14
14607 5
14608 23
14614 16
14616 11
14617 13
14620 0
14623 30
14625 13
14629 10
14631 15
14632 6
14640 15
14642 7
14650 14
14656 28
14666 10
14667 7
14668 1
14669 9
14672 5
14674 5
14678 3
14679 19
14685 13
14686 2
14686 -1
14699 10
14701 13
14705 14
14716 15
14727 5
14733 20
14733 -1
14737 2
14744 17
14748 1
14749 24
14751 16
14766 15
14766 19
14766 -1
14785 9
14798 4
14799 10
14806 13
14809 12
14810 3
14811 19
14812 1
14822 18
14822 -1
14833 2
14833 4
14867 1
14905 2
14909 2
14910 17
14911 9
14913 6
14913 -1
14923 38
14924 4
14926 41
14929 28
14933 10
14947 2
14953 22
14954 6
14957 14
14958 8
14962 19
14962 20
14969 14
14973 7
14974 2
15011 13
15012 0
15017 0
15023 19
15024 13
15025 6
15030 5
15031 4
15045 0
15053 11
15054 4
15057 3
15069 26
15069 -1
15069 26
15070 29
15073 27
15074 5
15082 10
15083 16
15084 9
15090 17
15099 38
15100 29
15121 20
15122 50
15123 35
15129 15
15140 2
15147 14
15162 16
15163 7
15165 2
15168 1
15172 17
15175 6
15177 13
15178 8
15179 4
15182 0
15187 0
15188 7
15196 3
15201 1
15204 11
15212 7
15216 6
15219 5
15223 0
15234 15
15240 0
15243 6
15244 2
15248 13
15250 15
15251 11
15255 7
15266 13
15276 5
15278 12
15280 2
15280 16
15289 6
15293 17
15294 9
15303 6
15315 14
15316 9
15318 20
15319 5
15325 3
15328 16
15330 10
15338 15
15342 0
15343 14
15344 26
15345 0
15349 9
15357 0
15360 2
15366 25
15370 12
15373 11
15379 1
15392 3
15393 0
15405 0
15406 9
15420 2
15421 4
15423 22
15425 8
15426 10
15429 12
15430 23
15432 12
15433 20
15436 2
15457 21
15466 17
15468 11
15470 19
15480 3
15481 0
15483 10
15484 8
15501 29
15505 5
15510 17
15516 22
15520 3
15526 0
15543 7
15549 9
15553 18
15558 17
15569 7
15590 6
15600 1
15606 16
15614 0
15624 11
15630 12
15633 8
15638 9
15639 18
15639 -1
15642 16
15652 11
15679 7
15693 3
15704 24
15714 15
15729 15
15739 11
15743 13
15781 24
15782 27
15784 12
15798 12
15818 31
15817 17
15819 0
15820 14
15824 4
15825 0
15826 0
15848 18
15850 19
15851 0
15852 12
15855 8
15857 17
15876 14
15889 17
15890 9
15892 2
15895 18
15896 11
15897 7
15899 17
15908 3
15909 0
15913 9
15914 0
15916 2
15917 0
15924 18
15934 14
15936 0
15958 2
15959 16
15962 38
15967 13
15978 20
15981 1
15989 0
16006 3
16014 21
16018 6
16022 10
16023 19
16030 3
16033 10
16039 22
16040 13
16041 21
16043 7
16053 14
16054 10
16055 3
16062 10
16065 4
16066 0
16070 13
16071 0
16072 7
16073 2
16075 12
16077 5
16076 11
16092 0
16091 0
16095 0
16094 0
16093 4
16100 2
16112 3
16120 22
16142 14
16144 5
16148 2
16152 8
16153 2
16156 0
16158 0
16160 0
16170 12
16192 11
16192 4
16201 16
16207 3
16218 7
16234 7
16243 16
16252 5
16260 9
16263 10
16264 4
16268 18
16268 -1
16281 20
16290 2
16297 13
16301 25
16310 5
16311 12
16316 20
16317 4
16319 8
16320 10
16330 0
16333 6
16342 0
16344 0
16345 0
16350 2
16353 8
16353 -1
16364 12
16365 0
16376 12
16377 4
16377 -1
16377 8
16397 14
16405 18
16415 2
16414 9
16417 5
16419 2
16430 17
16460 15
16478 8
16481 2
16488 31
16495 4
16500 5
16501 10
16502 0
16507 10
16509 22
16518 32
16524 10
16532 1
16539 10
16540 18
16545 30
16546 9
16552 13
16553 2
16555 16
16556 12
16558 8
16566 15
16574 13
16581 8
16584 12
16585 3
16586 9
16588 0
16591 23
16592 20
16596 0
16598 7
16599 0
16600 3
16600 5
16608 8
16609 0
16610 0
16619 6
16621 10
16645 13
16647 27
16648 20
16661 0
16667 23
16671 51
16673 0
16674 7
16682 5
16686 8
16689 20
16692 11
16697 3
16698 0
16701 4
16704 25
16706 15
16708 5
16709 0
16716 10
16720 4
16723 15
16726 2
16731 34
16742 15
16743 17
16771 5
16778 17
16785 37
16808 8
16814 12
16817 8
16819 19
16825 32
16830 22
16845 11
16856 3
16857 0
16867 13
16868 4
16882 12
16892 9
16892 -1
16897 0
16899 3
16903 13
16921 4
16924 7
16935 11
16937 7
16942 6
16943 0
16944 1
16950 15
16956 11
16958 5
16960 0
16976 31
16979 1
16979 8
16981 0
16989 36
16990 19
16998 21
17002 6
17008 17
17009 8
17011 11
17013 11
17014 6
17015 18
17017 17
17028 19
17034 7
17037 0
17038 13
17039 0
17043 11
17047 8
17048 0
17054 12
17059 18
17060 7
17087 11
17093 7
17094 3
17102 8
17124 20
17126 14
17128 2
17129 1
17130 13
17131 10
17132 19
17143 13
17149 40
17152 37
17153 33
17156 22
17161 11
17162 7
17175 18
17177 20
17178 11
17180 0
17186 4
17187 8
17207 12
17209 13
17245 14
17249 1
17260 4
17267 3
17283 3
17288 12
17292 2
17295 0
17313 10
17313 -1
17322 0
17325 32
17327 1
17359 0
17373 6
17377 13
17382 6
17384 10
17385 28
17388 22
17390 15
17395 4
17397 1
17398 27
17418 10
17421 0
17434 1
17442 28
17445 10
17467 13
17465 34
17468 13
17481 16
17482 2
17482 -1
17482 2
17483 15
17486 17
17492 0
17503 5
17508 16
17512 25
17511 8
17513 7
17522 6
17523 1
17531 1
17532 17
17550 8
17551 2
17557 2
17570 25
16192 -1